0 0.2640625 0.71875 0.2546875 0.715625 0.23125 0.7234375 0.209375 0.75 0.178125 0.8390625 0.128125 0.9375 0.1265625 0.9984375 0.3359375 0.9984375 0.3515625 0.85 0.346875 0.7859375 0.3296875 0.7578125 0.2890625 0.7390625 0.2640625 0.71875
0 0.81875 0.9984375 0.875 0.9984375 0.875 0.9203125 0.8671875 0.9203125 0.8265625 0.9484375 0.8171875 0.9875 0.81875 0.9984375
3 0.825 0.5796875 0.8421875 0.5703125 0.8640625 0.5453125 0.875 0.546875 0.8671875 0.5265625 0.871875 0.4875 0.865625 0.465625 0.8328125 0.4359375 0.7703125 0.4171875 0.5796875 0.3890625 0.528125 0.384375 0.503125 0.3921875 0.4875 0.4046875 0.4875 0.4234375 0.509375 0.4484375 0.521875 0.4390625 0.546875 0.4453125 0.5578125 0.4765625 0.56875 0.484375 0.73125 0.5609375 0.7765625 0.5765625 0.825 0.5796875
3 0.70625 0.6046875 0.7171875 0.5609375 0.6984375 0.54375 0.6625 0.54375 0.6375 0.55625 0.375 0.7546875 0.359375 0.784375 0.3578125 0.8046875 0.3921875 0.8578125 0.4265625 0.8859375 0.4515625 0.8921875 0.484375 0.8796875 0.5359375 0.8359375 0.625 0.734375 0.70625 0.6046875
3 0.5609375 0.515625 0.53125 0.4734375 0.4875 0.4453125 0.4625 0.4453125 0.4421875 0.4546875 0.4078125 0.4875 0.2921875 0.659375 0.2765625 0.7171875 0.2859375 0.7328125 0.3125 0.746875 0.3578125 0.734375 0.4109375 0.6984375 0.5453125 0.58125 0.559375 0.55 0.5609375 0.515625
3 0.1265625 0.721875 0.1265625 0.803125 0.1609375 0.8078125 0.2 0.7734375 0.3328125 0.6 0.3953125 0.5078125 0.4109375 0.4734375 0.4125 0.4375 0.4 0.41875 0.378125 0.40625 0.384375 0.3953125 0.38125 0.3875 0.390625 0.3765625 0.3796875 0.3734375 0.3796875 0.34375 0.3640625 0.3375 0.359375 0.328125 0.34375 0.33125 0.3203125 0.3765625 0.29375 0.3640625 0.271875 0.3640625 0.2390625 0.3859375 0.2140625 0.4203125 0.1703125 0.515625 0.165625 0.58125 0.1375 0.6984375 0.1265625 0.721875
1 0.865625 0.303125 0.8640625 0.246875 0.840625 0.2 0.815625 0.1765625 0.7734375 0.165625 0.740625 0.1640625 0.6875 0.18125 0.6546875 0.2078125 0.634375 0.253125 0.6359375 0.3015625 0.65 0.3390625 0.6921875 0.3921875 0.7328125 0.4109375 0.78125 0.4125 0.8171875 0.3953125 0.8390625 0.371875 0.865625 0.303125
1 0.7015625 0.8484375 0.734375 0.8515625 0.7984375 0.8203125 0.828125 0.796875 0.846875 0.7671875 0.8546875 0.73125 0.8515625 0.703125 0.8359375 0.6734375 0.8046875 0.6515625 0.8046875 0.63125 0.828125 0.6015625 0.8140625 0.6015625 0.7890625 0.640625 0.7765625 0.6453125 0.734375 0.6375 0.71875 0.640625 0.6921875 0.6515625 0.665625 0.6734375 0.6453125 0.7046875 0.6390625 0.740625 0.6421875 0.7875 0.6625 0.828125 0.7015625 0.8484375
1 0.459375 0.9515625 0.4640625 0.9984375 0.65625 0.9984375 0.6578125 0.95625 0.6421875 0.9203125 0.61875 0.896875 0.5671875 0.875 0.5171875 0.8796875 0.4765625 0.9109375 0.459375 0.9515625
1 0.3078125 0.3015625 0.3546875 0.2828125 0.3859375 0.2484375 0.40625 0.2 0.4046875 0.1359375 0.3765625 0.090625 0.3359375 0.065625 0.3109375 0.0640625 0.259375 0.0765625 0.221875 0.0984375 0.190625 0.1359375 0.1796875 0.165625 0.178125 0.20625 0.1890625 0.240625 0.2140625 0.2734375 0.2109375 0.2890625 0.228125 0.2828125 0.2703125 0.3015625 0.3078125 0.3015625
2 0.6015625 0.140625 0.6140625 0.1046875 0.609375 0.0625 0.5859375 0.028125 0.546875 0.003125 0.4390625 0 0.415625 0.0140625 0.396875 0.0359375 0.3875 0.0625 0.3859375 0.0984375 0.409375 0.1421875 0.4140625 0.165625 0.4453125 0.190625 0.4875 0.2046875 0.5296875 0.203125 0.565625 0.184375 0.6015625 0.140625