0 0.8390625 0.821875 0.9375 0.871875 0.9984375 0.8734375 0.9984375 0.6640625 0.85 0.6484375 0.7859375 0.653125 0.7578125 0.6703125 0.7390625 0.7109375 0.71875 0.7359375 0.715625 0.7453125 0.7234375 0.76875 0.75 0.790625 0.8390625 0.821875
0 0.9484375 0.1734375 0.9875 0.1828125 0.9984375 0.18125 0.9984375 0.125 0.9203125 0.125 0.9203125 0.1328125 0.9484375 0.1734375
3 0.4234375 0.5125 0.4484375 0.490625 0.4390625 0.478125 0.4453125 0.453125 0.4765625 0.4421875 0.484375 0.43125 0.5609375 0.26875 0.5765625 0.2234375 0.5796875 0.175 0.5703125 0.1578125 0.5453125 0.1359375 0.546875 0.125 0.5265625 0.1328125 0.4875 0.128125 0.465625 0.134375 0.4359375 0.1671875 0.4171875 0.2296875 0.3890625 0.4203125 0.384375 0.471875 0.3921875 0.496875 0.4046875 0.5125 0.4234375 0.5125
3 0.784375 0.640625 0.8046875 0.6421875 0.8578125 0.6078125 0.8859375 0.5734375 0.8921875 0.5484375 0.8796875 0.515625 0.8359375 0.4640625 0.734375 0.375 0.6046875 0.29375 0.5609375 0.2828125 0.54375 0.3015625 0.54375 0.3375 0.55625 0.3625 0.7546875 0.625 0.784375 0.640625
3 0.659375 0.7078125 0.7171875 0.7234375 0.7328125 0.7140625 0.746875 0.6875 0.734375 0.6421875 0.6984375 0.5890625 0.58125 0.4546875 0.55 0.440625 0.515625 0.4390625 0.4734375 0.46875 0.4453125 0.5125 0.4453125 0.5375 0.4546875 0.5578125 0.4875 0.5921875 0.659375 0.7078125
3 0.3765625 0.6796875 0.3640625 0.70625 0.3640625 0.728125 0.3859375 0.7609375 0.4203125 0.7859375 0.515625 0.8296875 0.58125 0.834375 0.6984375 0.8625 0.721875 0.8734375 0.803125 0.8734375 0.8078125 0.8390625 0.7734375 0.8 0.6 0.6671875 0.5078125 0.6046875 0.4734375 0.5890625 0.4375 0.5875 0.41875 0.6 0.40625 0.621875 0.3953125 0.615625 0.3875 0.61875 0.3765625 0.609375 0.3734375 0.6203125 0.34375 0.6203125 0.3375 0.6359375 0.328125 0.640625 0.33125 0.65625 0.3765625 0.6796875
1 0.253125 0.365625 0.3015625 0.3640625 0.3390625 0.35 0.3921875 0.3078125 0.4109375 0.2671875 0.4125 0.21875 0.3953125 0.1828125 0.371875 0.1609375 0.303125 0.134375 0.246875 0.1359375 0.2 0.159375 0.1765625 0.184375 0.165625 0.2265625 0.1640625 0.259375 0.18125 0.3125 0.2078125 0.3453125 0.253125 0.365625
1 0.6375 0.265625 0.640625 0.28125 0.6515625 0.3078125 0.6734375 0.334375 0.7046875 0.3546875 0.740625 0.3609375 0.7875 0.3578125 0.828125 0.3375 0.8484375 0.2984375 0.8515625 0.265625 0.8203125 0.2015625 0.796875 0.171875 0.7671875 0.153125 0.73125 0.1453125 0.703125 0.1484375 0.6734375 0.1640625 0.6515625 0.1953125 0.63125 0.1953125 0.6015625 0.171875 0.6015625 0.1859375 0.640625 0.2109375 0.6453125 0.2234375 0.6375 0.265625
1 0.9984375 0.5359375 0.9984375 0.34375 0.95625 0.3421875 0.9203125 0.3578125 0.896875 0.38125 0.875 0.4328125 0.8796875 0.4828125 0.9109375 0.5234375 0.9515625 0.540625 0.9984375 0.5359375
1 0.1359375 0.809375 0.165625 0.8203125 0.20625 0.821875 0.240625 0.8109375 0.2734375 0.7859375 0.2890625 0.7890625 0.2828125 0.771875 0.3015625 0.7296875 0.3015625 0.6921875 0.2828125 0.6453125 0.2484375 0.6140625 0.2 0.59375 0.1359375 0.5953125 0.090625 0.6234375 0.065625 0.6640625 0.0640625 0.6890625 0.0765625 0.740625 0.0984375 0.778125 0.1359375 0.809375
2 0.0625 0.6125 0.0984375 0.6140625 0.1421875 0.590625 0.165625 0.5859375 0.190625 0.5546875 0.2046875 0.5125 0.203125 0.4703125 0.184375 0.434375 0.140625 0.3984375 0.1046875 0.3859375 0.0625 0.390625 0.028125 0.4140625 0.003125 0.453125 0 0.5609375 0.0140625 0.584375 0.0359375 0.603125 0.0625 0.6125